68,
68,
68,
68,
68,
68,
68,
68,
100,
772,
1216,
148,
208,
148,
352,
396,
0,
180,
232,
144,
144,
148,
264,
148,
68,
2120,
68,
1768,
72,
3280,
1104,
1092,
1104,
644,
72,
648,
72,
68,
68,
2080,
4,
248,
328,
200,
200,
1876,
1420,
228,
4340,
548,
868,
68,
2048,
0,
0,
196,
148,
1092,
116,
196,
284,
160,
144,
520,
156,
140,
140,
140,
76,
76,
76,
212,
2752,
152,
1656,
140,
92,
2600,
664,
0,
0,
0,
0,
144,
200,
536,
236,
388,
136,
68,
1132,
960,
1036,
164,
168,
776,
740,
216,
4168,
4172,
148,
876,
172,
164,
168,
156,
160,
192,
232,
160,
204,
192,
208,
324,
752,
1020,
144,
2068,
156,
184,
836,
236,
252,
244,
836,
264,
524,
152,
448,
628,
1060,
152,
3400,
360,
612,
3140,
188,
228,
92,
4804,
1116,
1564,
172,
148,
544,
1448,
240,
236,
1992,
768,
1232,
76,
316,
1040,
292,
1668,
132,
408,
604,
604,
476,
312,
356,
184,
88,
124,
176,
5316,
672,
176,
204,
140,
152,
152,
152,
276,
132,
236,
208,
160,
240,
292,
144,
92,
2056,
1264,
860,
144,
188,
104,
152,
140,
372,
144,
152,
148,
648,
1028,
1380,
156,
104,
148,
816,
180,
408,
88,
2472,
120,
248,
120,
144,
148,
220,
80,
176,
868,
504,
432,
80,
244,
1888,
136,
148,
868,
472,
868,
124,
148,
144,
2628,
176,
152,
276,
108,
1072,
176,
144,
164,
3252,
292,
260,
72,
2068,
148,
176,
280,
120,
116,
96,
